-1.000000  1.250000
-0.990000  1.237208
-0.980000  1.224665
-0.970000  1.212369
-0.960000  1.200320
-0.950000  1.188516
-0.940000  1.176955
-0.930000  1.165637
-0.920000  1.154560
-0.910000  1.143723
-0.900000  1.133125
-0.890000  1.122764
-0.880000  1.112640
-0.870000  1.102751
-0.860000  1.093095
-0.850000  1.083672
-0.840000  1.074480
-0.830000  1.065518
-0.820000  1.056785
-0.810000  1.048279
-0.800000  1.040000
-0.790000  1.031946
-0.780000  1.024115
-0.770000  1.016507
-0.760000  1.009120
-0.750000  1.001953
-0.740000  0.995005
-0.730000  0.988274
-0.720000  0.981760
-0.710000  0.975461
-0.700000  0.969375
-0.690000  0.963502
-0.680000  0.957840
-0.670000  0.952388
-0.660000  0.947145
-0.650000  0.942109
-0.640000  0.937280
-0.630000  0.932656
-0.620000  0.928235
-0.610000  0.924017
-0.600000  0.920000
-0.590000  0.916183
-0.580000  0.912565
-0.570000  0.909144
-0.560000  0.905920
-0.550000  0.902891
-0.540000  0.900055
-0.530000  0.897412
-0.520000  0.894960
-0.510000  0.892698
-0.500000  0.890625
-0.490000  0.888739
-0.480000  0.887040
-0.470000  0.885526
-0.460000  0.884195
-0.450000  0.883047
-0.440000  0.882080
-0.430000  0.881293
-0.420000  0.880685
-0.410000  0.880254
-0.400000  0.880000
-0.390000  0.879921
-0.380000  0.880015
-0.370000  0.880282
-0.360000  0.880720
-0.350000  0.881328
-0.340000  0.882105
-0.330000  0.883049
-0.320000  0.884160
-0.310000  0.885436
-0.300000  0.886875
-0.290000  0.888477
-0.280000  0.890240
-0.270000  0.892163
-0.260000  0.894245
-0.250000  0.896484
-0.240000  0.898880
-0.230000  0.901431
-0.220000  0.904135
-0.210000  0.906992
-0.200000  0.910000
-0.190000  0.913158
-0.180000  0.916465
-0.170000  0.919919
-0.160000  0.923520
-0.150000  0.927266
-0.140000  0.931155
-0.130000  0.935187
-0.120000  0.939360
-0.110000  0.943673
-0.100000  0.948125
-0.090000  0.952714
-0.080000  0.957440
-0.070000  0.962301
-0.060000  0.967295
-0.050000  0.972422
-0.040000  0.977680
-0.030000  0.983068
-0.020000  0.988585
-0.010000  0.994229
0.000000  1.000000
0.010000  1.005896
0.020000  1.011915
0.030000  1.018057
0.040000  1.024320
0.050000  1.030703
0.060000  1.037205
0.070000  1.043824
0.080000  1.050560
0.090000  1.057411
0.100000  1.064375
0.110000  1.071452
0.120000  1.078640
0.130000  1.085938
0.140000  1.093345
0.150000  1.100859
0.160000  1.108480
0.170000  1.116206
0.180000  1.124035
0.190000  1.131967
0.200000  1.140000
0.210000  1.148133
0.220000  1.156365
0.230000  1.164694
0.240000  1.173120
0.250000  1.181641
0.260000  1.190255
0.270000  1.198962
0.280000  1.207760
0.290000  1.216648
0.300000  1.225625
0.310000  1.234689
0.320000  1.243840
0.330000  1.253076
0.340000  1.262395
0.350000  1.271797
0.360000  1.281280
0.370000  1.290843
0.380000  1.300485
0.390000  1.310204
0.400000  1.320000
0.410000  1.329871
0.420000  1.339815
0.430000  1.349832
0.440000  1.359920
0.450000  1.370078
0.460000  1.380305
0.470000  1.390599
0.480000  1.400960
0.490000  1.411386
0.500000  1.421875
0.510000  1.432427
0.520000  1.443040
0.530000  1.453713
0.540000  1.464445
0.550000  1.475234
0.560000  1.486080
0.570000  1.496981
0.580000  1.507935
0.590000  1.518942
0.600000  1.530000
0.610000  1.541108
0.620000  1.552265
0.630000  1.563469
0.640000  1.574720
0.650000  1.586016
0.660000  1.597355
0.670000  1.608737
0.680000  1.620160
0.690000  1.631623
0.700000  1.643125
0.710000  1.654664
0.720000  1.666240
0.730000  1.677851
0.740000  1.689495
0.750000  1.701172
0.760000  1.712880
0.770000  1.724618
0.780000  1.736385
0.790000  1.748179
0.800000  1.760000
0.810000  1.771846
0.820000  1.783715
0.830000  1.795607
0.840000  1.807520
0.850000  1.819453
0.860000  1.831405
0.870000  1.843374
0.880000  1.855360
0.890000  1.867361
0.900000  1.879375
0.910000  1.891402
0.920000  1.903440
0.930000  1.915488
0.940000  1.927545
0.950000  1.939609
0.960000  1.951680
0.970000  1.963756
0.980000  1.975835
0.990000  1.987917
1.000000  2.000000
1.010000  2.012083
1.020000  2.024165
1.030000  2.036244
1.040000  2.048320
1.050000  2.060391
1.060000  2.072455
1.070000  2.084512
1.080000  2.096560
1.090000  2.108598
1.100000  2.120625
1.110000  2.132639
1.120000  2.144640
1.130000  2.156626
1.140000  2.168595
1.150000  2.180547
1.160000  2.192480
1.170000  2.204393
1.180000  2.216285
1.190000  2.228154
1.200000  2.240000
1.210000  2.251821
1.220000  2.263615
1.230000  2.275382
1.240000  2.287120
1.250000  2.298828
1.260000  2.310505
1.270000  2.322149
1.280000  2.333760
1.290000  2.345336
1.300000  2.356875
1.310000  2.368377
1.320000  2.379840
1.330000  2.391263
1.340000  2.402645
1.350000  2.413984
1.360000  2.425280
1.370000  2.436531
1.380000  2.447735
1.390000  2.458892
1.400000  2.470000
1.410000  2.481058
1.420000  2.492065
1.430000  2.503019
1.440000  2.513920
1.450000  2.524766
1.460000  2.535555
1.470000  2.546287
1.480000  2.556960
1.490000  2.567573
1.500000  2.578125
1.510000  2.588614
1.520000  2.599040
1.530000  2.609401
1.540000  2.619695
1.550000  2.629922
1.560000  2.640080
1.570000  2.650168
1.580000  2.660185
1.590000  2.670129
1.600000  2.680000
1.610000  2.689796
1.620000  2.699515
1.630000  2.709157
1.640000  2.718720
1.650000  2.728203
1.660000  2.737605
1.670000  2.746924
1.680000  2.756160
1.690000  2.765311
1.700000  2.774375
1.710000  2.783352
1.720000  2.792240
1.730000  2.801038
1.740000  2.809745
1.750000  2.818359
1.760000  2.826880
1.770000  2.835306
1.780000  2.843635
1.790000  2.851867
1.800000  2.860000
1.810000  2.868033
1.820000  2.875965
1.830000  2.883794
1.840000  2.891520
1.850000  2.899141
1.860000  2.906655
1.870000  2.914062
1.880000  2.921360
1.890000  2.928548
1.900000  2.935625
1.910000  2.942589
1.920000  2.949440
1.930000  2.956176
1.940000  2.962795
1.950000  2.969297
1.960000  2.975680
1.970000  2.981943
1.980000  2.988085
1.990000  2.994104
2.000000  3.000000
2.010000  3.005771
2.020000  3.011415
2.030000  3.016932
2.040000  3.022320
2.050000  3.027578
2.060000  3.032705
2.070000  3.037699
2.080000  3.042560
2.090000  3.047286
2.100000  3.051875
2.110000  3.056327
2.120000  3.060640
2.130000  3.064813
2.140000  3.068845
2.150000  3.072734
2.160000  3.076480
2.170000  3.080081
2.180000  3.083535
2.190000  3.086842
2.200000  3.090000
2.210000  3.093008
2.220000  3.095865
2.230000  3.098569
2.240000  3.101120
2.250000  3.103516
2.260000  3.105755
2.270000  3.107837
2.280000  3.109760
2.290000  3.111523
2.300000  3.113125
2.310000  3.114564
2.320000  3.115840
2.330000  3.116951
2.340000  3.117895
2.350000  3.118672
2.360000  3.119280
2.370000  3.119718
2.380000  3.119985
2.390000  3.120079
2.400000  3.120000
2.410000  3.119746
2.420000  3.119315
2.430000  3.118707
2.440000  3.117920
2.450000  3.116953
2.460000  3.115805
2.470000  3.114474
2.480000  3.112960
2.490000  3.111261
2.500000  3.109375
2.510000  3.107302
2.520000  3.105040
2.530000  3.102588
2.540000  3.099945
2.550000  3.097109
2.560000  3.094080
2.570000  3.090856
2.580000  3.087435
2.590000  3.083817
2.600000  3.080000
2.610000  3.075983
2.620000  3.071765
2.630000  3.067344
2.640000  3.062720
2.650000  3.057891
2.660000  3.052855
2.670000  3.047612
2.680000  3.042160
2.690000  3.036498
2.700000  3.030625
2.710000  3.024539
2.720000  3.018240
2.730000  3.011726
2.740000  3.004995
2.750000  2.998047
2.760000  2.990880
2.770000  2.983493
2.780000  2.975885
2.790000  2.968054
2.800000  2.960000
2.810000  2.951721
2.820000  2.943215
2.830000  2.934482
2.840000  2.925520
2.850000  2.916328
2.860000  2.906905
2.870000  2.897249
2.880000  2.887360
2.890000  2.877236
2.900000  2.866875
2.910000  2.856277
2.920000  2.845440
2.930000  2.834363
2.940000  2.823045
2.950000  2.811484
2.960000  2.799680
2.970000  2.787631
2.980000  2.775335
2.990000  2.762792
3.000000  2.750000
3.010000  2.736958
3.020000  2.723665
3.030000  2.710119
3.040000  2.696320
3.050000  2.682266
3.060000  2.667955
3.070000  2.653387
3.080000  2.638560
3.090000  2.623473
3.100000  2.608125
3.110000  2.592514
3.120000  2.576640
3.130000  2.560501
3.140000  2.544095
3.150000  2.527422
3.160000  2.510480
3.170000  2.493268
3.180000  2.475785
3.190000  2.458029
3.200000  2.440000
3.210000  2.421696
3.220000  2.403115
3.230000  2.384257
3.240000  2.365120
3.250000  2.345703
3.260000  2.326005
3.270000  2.306024
3.280000  2.285760
3.290000  2.265211
3.300000  2.244375
3.310000  2.223252
3.320000  2.201840
3.330000  2.180138
3.340000  2.158145
3.350000  2.135859
3.360000  2.113280
3.370000  2.090406
3.380000  2.067235
3.390000  2.043767
3.400000  2.020000
3.410000  1.995933
3.420000  1.971565
3.430000  1.946894
3.440000  1.921920
3.450000  1.896641
3.460000  1.871055
3.470000  1.845162
3.480000  1.818960
3.490000  1.792448
3.500000  1.765625
3.510000  1.738489
3.520000  1.711040
3.530000  1.683276
3.540000  1.655195
3.550000  1.626797
3.560000  1.598080
3.570000  1.569043
3.580000  1.539685
3.590000  1.510004
3.600000  1.480000
3.610000  1.449671
3.620000  1.419015
3.630000  1.388032
3.640000  1.356720
3.650000  1.325078
3.660000  1.293105
3.670000  1.260799
3.680000  1.228160
3.690000  1.195186
3.700000  1.161875
3.710000  1.128227
3.720000  1.094240
3.730000  1.059913
3.740000  1.025245
3.750000  0.990234
3.760000  0.954880
3.770000  0.919181
3.780000  0.883135
3.790000  0.846742
3.800000  0.810000
3.810000  0.772908
3.820000  0.735465
3.830000  0.697669
3.840000  0.659520
3.850000  0.621016
3.860000  0.582155
3.870000  0.542937
3.880000  0.503360
3.890000  0.463423
3.900000  0.423125
3.910000  0.382464
3.920000  0.341440
3.930000  0.300051
3.940000  0.258295
3.950000  0.216172
3.960000  0.173680
3.970000  0.130818
3.980000  0.087585
3.990000  0.043979
4.000000  0.000000
