-356.398391    0.000000
-355.707857    0.000000
-355.017323    0.000000
-354.326789    0.000000
-353.636255    0.000000
-352.945721    0.000000
-352.255187    0.000000
-351.564653    0.000000
-350.874119    0.000000
-350.183585    0.000000
-349.493051    0.000000
-348.802517    0.000000
-348.111983    0.000000
-347.421449    0.000000
-346.730915    0.000000
-346.040381    0.000000
-345.349847    0.000000
-344.659313    0.000000
-343.968779    0.000000
-343.278245    0.000000
-342.587711    0.000000
-341.897177    0.000000
-341.206643    0.000000
-340.516109    0.000000
-339.825575    0.000000
-339.135041    0.000000
-338.444507    0.000001
-337.753973    0.000001
-337.063439    0.000001
-336.372906    0.000001
-335.682372    0.000001
-334.991838    0.000001
-334.301304    0.000002
-333.610770    0.000002
-332.920236    0.000002
-332.229702    0.000003
-331.539168    0.000003
-330.848634    0.000004
-330.158100    0.000004
-329.467566    0.000005
-328.777032    0.000006
-328.086498    0.000007
-327.395964    0.000008
-326.705430    0.000009
-326.014896    0.000011
-325.324362    0.000013
-324.633828    0.000015
-323.943294    0.000017
-323.252760    0.000020
-322.562226    0.000023
-321.871692    0.000027
-321.181158    0.000031
-320.490624    0.000036
-319.800090    0.000041
-319.109556    0.000047
-318.419022    0.000054
-317.728488    0.000062
-317.037954    0.000070
-316.347421    0.000080
-315.656887    0.000091
-314.966353    0.000102
-314.275819    0.000115
-313.585285    0.000130
-312.894751    0.000145
-312.204217    0.000161
-311.513683    0.000179
-310.823149    0.000198
-310.132615    0.000217
-309.442081    0.000238
-308.751547    0.000258
-308.061013    0.000279
-307.370479    0.000300
-306.679945    0.000321
-305.989411    0.000340
-305.298877    0.000358
-304.608343    0.000374
-303.917809    0.000387
-303.227275    0.000397
-302.536741    0.000404
-301.846207    0.000406
-301.155673    0.000403
-300.465139    0.000396
-299.774605    0.000383
-299.084071    0.000366
-298.393537    0.000343
-297.703003    0.000316
-297.012469    0.000286
-296.321935    0.000253
-295.631402    0.000218
-294.940868    0.000184
-294.250334    0.000151
-293.559800    0.000120
-292.869266    0.000095
-292.178732    0.000075
-291.488198    0.000062
-290.797664    0.000057
-290.107130    0.000061
-289.416596    0.000072
-288.726062    0.000092
-288.035528    0.000118
-287.344994    0.000149
-286.654460    0.000184
-285.963926    0.000219
-285.273392    0.000253
-284.582858    0.000283
-283.892324    0.000307
-283.201790    0.000324
-282.511256    0.000332
-281.820722    0.000332
-281.130188    0.000322
-280.439654    0.000305
-279.749120    0.000281
-279.058586    0.000252
-278.368052    0.000219
-277.677518    0.000185
-276.986984    0.000152
-276.296450    0.000121
-275.605917    0.000093
-274.915383    0.000068
-274.224849    0.000048
-273.534315    0.000033
-272.843781    0.000021
-272.153247    0.000013
-271.462713    0.000008
-270.772179    0.000006
-270.081645    0.000005
-269.391111    0.000006
-268.700577    0.000007
-268.010043    0.000009
-267.319509    0.000011
-266.628975    0.000012
-265.938441    0.000013
-265.247907    0.000013
-264.557373    0.000013
-263.866839    0.000012
-263.176305    0.000011
-262.485771    0.000010
-261.795237    0.000009
-261.104703    0.000008
-260.414169    0.000007
-259.723635    0.000007
-259.033101    0.000007
-258.342567    0.000009
-257.652033    0.000012
-256.961499    0.000017
-256.270965    0.000024
-255.580431    0.000033
-254.889898    0.000044
-254.199364    0.000057
-253.508830    0.000071
-252.818296    0.000085
-252.127762    0.000099
-251.437228    0.000115
-250.746694    0.000130
-250.056160    0.000145
-249.365626    0.000161
-248.675092    0.000175
-247.984558    0.000187
-247.294024    0.000196
-246.603490    0.000200
-245.912956    0.000201
-245.222422    0.000197
-244.531888    0.000190
-243.841354    0.000180
-243.150820    0.000169
-242.460286    0.000156
-241.769752    0.000141
-241.079218    0.000125
-240.388684    0.000108
-239.698150    0.000091
-239.007616    0.000074
-238.317082    0.000058
-237.626548    0.000044
-236.936014    0.000032
-236.245480    0.000023
-235.554946    0.000016
-234.864413    0.000012
-234.173879    0.000010
-233.483345    0.000011
-232.792811    0.000016
-232.102277    0.000023
-231.411743    0.000033
-230.721209    0.000046
-230.030675    0.000059
-229.340141    0.000074
-228.649607    0.000091
-227.959073    0.000109
-227.268539    0.000127
-226.578005    0.000146
-225.887471    0.000164
-225.196937    0.000180
-224.506403    0.000193
-223.815869    0.000204
-223.125335    0.000213
-222.434801    0.000221
-221.744267    0.000228
-221.053733    0.000231
-220.363199    0.000230
-219.672665    0.000226
-218.982131    0.000218
-218.291597    0.000210
-217.601063    0.000200
-216.910529    0.000189
-216.219995    0.000177
-215.529461    0.000163
-214.838928    0.000147
-214.148394    0.000130
-213.457860    0.000114
-212.767326    0.000099
-212.076792    0.000085
-211.386258    0.000071
-210.695724    0.000057
-210.005190    0.000044
-209.314656    0.000032
-208.624122    0.000022
-207.933588    0.000015
-207.243054    0.000008
-206.552520    0.000004
-205.861986    0.000001
-205.171452    0.000000
-204.480918    0.000002
-203.790384    0.000006
-203.099850    0.000011
-202.409316    0.000020
-201.718782    0.000031
-201.028248    0.000044
-200.337714    0.000061
-199.647180    0.000078
-198.956646    0.000097
-198.266112    0.000118
-197.575578    0.000141
-196.885044    0.000167
-196.194510    0.000192
-195.503976    0.000216
-194.813442    0.000239
-194.122909    0.000262
-193.432375    0.000285
-192.741841    0.000307
-192.051307    0.000323
-191.360773    0.000335
-190.670239    0.000343
-189.979705    0.000349
-189.289171    0.000353
-188.598637    0.000350
-187.908103    0.000340
-187.217569    0.000325
-186.527035    0.000309
-185.836501    0.000290
-185.145967    0.000267
-184.455433    0.000239
-183.764899    0.000209
-183.074365    0.000179
-182.383831    0.000151
-181.693297    0.000123
-181.002763    0.000095
-180.312229    0.000069
-179.621695    0.000047
-178.931161    0.000031
-178.240627    0.000019
-177.550093    0.000011
-176.859559    0.000009
-176.169025    0.000014
-175.478491    0.000024
-174.787957    0.000040
-174.097424    0.000062
-173.406890    0.000091
-172.716356    0.000124
-172.025822    0.000160
-171.335288    0.000200
-170.644754    0.000246
-169.954220    0.000293
-169.263686    0.000338
-168.573152    0.000381
-167.882618    0.000425
-167.192084    0.000469
-166.501550    0.000507
-165.811016    0.000534
-165.120482    0.000557
-164.429948    0.000579
-163.739414    0.000592
-163.048880    0.000591
-162.358346    0.000581
-161.667812    0.000569
-160.977278    0.000550
-160.286744    0.000520
-159.596210    0.000480
-158.905676    0.000439
-158.215142    0.000398
-157.524608    0.000351
-156.834074    0.000298
-156.143540    0.000248
-155.453006    0.000203
-154.762472    0.000159
-154.071938    0.000116
-153.381405    0.000079
-152.690871    0.000051
-152.000337    0.000029
-151.309803    0.000012
-150.619269    0.000005
-149.928735    0.000007
-149.238201    0.000015
-148.547667    0.000033
-147.857133    0.000060
-147.166599    0.000093
-146.476065    0.000132
-145.785531    0.000181
-145.094997    0.000239
-144.404463    0.000298
-143.713929    0.000359
-143.023395    0.000430
-142.332861    0.000506
-141.642327    0.000574
-140.951793    0.000642
-140.261259    0.000717
-139.570725    0.000787
-138.880191    0.000841
-138.189657    0.000892
-137.499123    0.000942
-136.808589    0.000976
-136.118055    0.000987
-135.427521    0.000992
-134.736987    0.000990
-134.046453    0.000961
-133.355920    0.000913
-132.665386    0.000862
-131.974852    0.000798
-131.284318    0.000711
-130.593784    0.000619
-129.903250    0.000533
-129.212716    0.000437
-128.522182    0.000340
-127.831648    0.000258
-127.141114    0.000189
-126.450580    0.000129
-125.760046    0.000093
-125.069512    0.000083
-124.378978    0.000093
-123.688444    0.000134
-122.997910    0.000206
-122.307376    0.000298
-121.616842    0.000421
-120.926308    0.000576
-120.235774    0.000739
-119.545240    0.000919
-118.854706    0.001127
-118.164172    0.001329
-117.473638    0.001520
-116.783104    0.001727
-116.092570    0.001917
-115.402036    0.002062
-114.711502    0.002201
-114.020968    0.002317
-113.330435    0.002364
-112.639901    0.002377
-111.949367    0.002369
-111.258833    0.002286
-110.568299    0.002156
-109.877765    0.002015
-109.187231    0.001819
-108.496697    0.001585
-107.806163    0.001365
-107.115629    0.001132
-106.425095    0.000893
-105.734561    0.000702
-105.044027    0.000540
-104.353493    0.000414
-103.662959    0.000364
-102.972425    0.000367
-102.281891    0.000433
-101.591357    0.000584
-100.900823    0.000781
-100.210289    0.001039
-99.519755    0.001370
-98.829221    0.001709
-98.138687    0.002082
-97.448153    0.002502
-96.757619    0.002882
-96.067085    0.003258
-95.376551    0.003655
-94.686017    0.003965
-93.995483    0.004244
-93.304949    0.004524
-92.614416    0.004687
-91.923882    0.004804
-91.233348    0.004913
-90.542814    0.004888
-89.852280    0.004822
-89.161746    0.004745
-88.471212    0.004536
-87.780678    0.004316
-87.090144    0.004094
-86.399610    0.003779
-85.709076    0.003519
-85.018542    0.003296
-84.328008    0.003071
-83.637474    0.003009
-82.946940    0.003041
-82.256406    0.003203
-81.565872    0.003620
-80.875338    0.004154
-80.184804    0.004908
-79.494270    0.005880
-78.803736    0.006872
-78.113202    0.008032
-77.422668    0.009168
-76.732134    0.010110
-76.041600    0.011017
-75.351066    0.011557
-74.660532    0.011734
-73.969998    0.011691
-73.279464    0.011109
-72.588931    0.010261
-71.898397    0.009211
-71.207863    0.007839
-70.517329    0.006563
-69.826795    0.005310
-69.136261    0.004209
-68.445727    0.003510
-67.755193    0.003046
-67.064659    0.003040
-66.374125    0.003348
-65.683591    0.003891
-64.993057    0.004721
-64.302523    0.005463
-63.611989    0.006263
-62.921455    0.006872
-62.230921    0.007133
-61.540387    0.007282
-60.849853    0.006951
-60.159319    0.006435
-59.468785    0.005757
-58.778251    0.004809
-58.087717    0.004011
-57.397183    0.003156
-56.706649    0.002499
-56.016115    0.002095
-55.325581    0.001840
-54.635047    0.001944
-53.944513    0.002116
-53.253979    0.002507
-52.563445    0.002899
-51.872912    0.003172
-51.182378    0.003451
-50.491844    0.003359
-49.801310    0.003201
-49.110776    0.002828
-48.420242    0.002264
-47.729708    0.001813
-47.039174    0.001279
-46.348640    0.001006
-45.658106    0.000884
-44.967572    0.001006
-44.277038    0.001375
-43.586504    0.001775
-42.895970    0.002372
-42.205436    0.002688
-41.514902    0.002956
-40.824368    0.002937
-40.133834    0.002587
-39.443300    0.002282
-38.752766    0.001768
-38.062232    0.001641
-37.371698    0.001657
-36.681164    0.002141
-35.990630    0.002810
-35.300096    0.003497
-34.609562    0.004180
-33.919028    0.004203
-33.228494    0.004204
-32.537960    0.003566
-31.847427    0.003192
-31.156893    0.002883
-30.466359    0.003087
-29.775825    0.003707
-29.085291    0.004390
-28.394757    0.005229
-27.704223    0.005230
-27.013689    0.005279
-26.323155    0.004430
-25.632621    0.004071
-24.942087    0.003611
-24.251553    0.003967
-23.561019    0.004442
-22.870485    0.005106
-22.179951    0.005488
-21.489417    0.005123
-20.798883    0.004773
-20.108349    0.003775
-19.417815    0.003691
-18.727281    0.003405
-18.036747    0.004193
-17.346213    0.004189
-16.655679    0.004671
-15.965145    0.003887
-15.274611    0.003506
-14.584077    0.002657
-13.893543    0.002612
-13.203009    0.002577
-12.512475    0.002981
-11.821941    0.002970
-11.131408    0.002622
-10.440874    0.002171
-9.750340    0.001479
-9.059806    0.001403
-8.369272    0.001270
-7.678738    0.001608
-6.988204    0.001272
-6.297670    0.001345
-5.607136    0.000582
-4.916602    0.000620
-4.226068    0.000250
-3.535534    0.000558
-2.845000    0.000258
-2.154466    0.000527
-1.463932    0.000035
-0.773398    0.000165
-0.082864    0.000058
0.607670    0.000108
1.298204    0.000194
1.988738    0.000262
2.679272    0.000263
3.369806    0.000389
4.060340    0.000281
4.750874    0.000337
5.441408    0.000238
6.131942    0.000155
6.822476    0.000184
7.513010    0.000021
8.203544    0.000086
8.894077    0.000085
9.584611    0.000003
10.275145    0.000063
10.965679    0.000061
11.656213    0.000000
12.346747    0.000053
13.037281    0.000049
13.727815    0.000001
14.418349    0.000049
15.108883    0.000042
15.799417    0.000003
16.489951    0.000048
17.180485    0.000038
17.871019    0.000006
18.561553    0.000048
19.252087    0.000036
19.942621    0.000010
20.633155    0.000049
21.323689    0.000036
22.014223    0.000014
22.704757    0.000050
23.395291    0.000036
24.085825    0.000018
24.776359    0.000053
25.466893    0.000038
26.157427    0.000023
26.847961    0.000056
27.538495    0.000040
28.229029    0.000028
28.919562    0.000059
29.610096    0.000042
30.300630    0.000033
30.991164    0.000063
31.681698    0.000046
32.372232    0.000039
33.062766    0.000067
33.753300    0.000049
34.443834    0.000045
35.134368    0.000071
35.824902    0.000053
36.515436    0.000051
37.205970    0.000075
37.896504    0.000057
38.587038    0.000057
39.277572    0.000079
39.968106    0.000061
40.658640    0.000063
41.349174    0.000084
42.039708    0.000066
42.730242    0.000070
43.420776    0.000090
44.111310    0.000072
44.801844    0.000078
45.492378    0.000096
46.182912    0.000078
46.873446    0.000087
47.563980    0.000104
48.254514    0.000087
48.945048    0.000099
49.635581    0.000115
50.326115    0.000099
51.016649    0.000113
51.707183    0.000129
52.397717    0.000114
53.088251    0.000131
53.778785    0.000146
54.469319    0.000132
55.159853    0.000152
55.850387    0.000167
56.540921    0.000155
57.231455    0.000177
57.921989    0.000193
58.612523    0.000183
59.303057    0.000207
59.993591    0.000222
60.684125    0.000211
61.374659    0.000236
62.065193    0.000250
62.755727    0.000238
63.446261    0.000263
64.136795    0.000275
64.827329    0.000263
65.517863    0.000288
66.208397    0.000298
66.898931    0.000285
67.589465    0.000308
68.279999    0.000314
68.970533    0.000300
69.661066    0.000318
70.351600    0.000318
71.042134    0.000300
71.732668    0.000312
72.423202    0.000306
73.113736    0.000284
73.804270    0.000292
74.494804    0.000281
75.185338    0.000260
75.875872    0.000267
76.566406    0.000256
77.256940    0.000240
77.947474    0.000252
78.638008    0.000246
79.328542    0.000241
80.019076    0.000262
80.709610    0.000267
81.400144    0.000280
82.090678    0.000319
82.781212    0.000341
83.471746    0.000380
84.162280    0.000446
84.852814    0.000493
85.543348    0.000566
86.233882    0.000667
86.924416    0.000745
87.614950    0.000857
88.305484    0.000995
88.996018    0.001106
89.686552    0.001256
90.377085    0.001429
91.067619    0.001566
91.758153    0.001742
92.448687    0.001938
93.139221    0.002086
93.829755    0.002268
94.520289    0.002464
95.210823    0.002599
95.901357    0.002760
96.591891    0.002932
97.282425    0.003033
97.972959    0.003148
98.663493    0.003276
99.354027    0.003330
100.044561    0.003390
100.735095    0.003470
101.425629    0.003480
102.116163    0.003492
102.806697    0.003536
103.497231    0.003522
104.187765    0.003509
104.878299    0.003542
105.568833    0.003534
106.259367    0.003525
106.949901    0.003574
107.640435    0.003598
108.330969    0.003616
109.021503    0.003697
109.712037    0.003768
110.402570    0.003823
111.093104    0.003938
111.783638    0.004057
112.474172    0.004146
113.164706    0.004284
113.855240    0.004439
114.545774    0.004550
115.236308    0.004691
115.926842    0.004860
116.617376    0.004981
117.307910    0.005102
117.998444    0.005262
118.688978    0.005380
119.379512    0.005467
120.070046    0.005591
120.760580    0.005693
121.451114    0.005741
122.141648    0.005810
122.832182    0.005885
123.522716    0.005899
124.213250    0.005907
124.903784    0.005943
125.594318    0.005937
126.284852    0.005898
126.975386    0.005891
127.665920    0.005878
128.356454    0.005820
129.046988    0.005779
129.737522    0.005767
130.428055    0.005724
131.118589    0.005671
131.809123    0.005662
132.499657    0.005656
133.190191    0.005622
133.880725    0.005617
134.571259    0.005647
135.261793    0.005657
135.952327    0.005663
136.642861    0.005712
137.333395    0.005770
138.023929    0.005801
138.714463    0.005848
139.404997    0.005930
140.095531    0.005994
140.786065    0.006037
141.476599    0.006107
142.167133    0.006191
142.857667    0.006242
143.548201    0.006282
144.238735    0.006348
144.929269    0.006409
145.619803    0.006433
146.310337    0.006455
147.000871    0.006498
147.691405    0.006523
148.381939    0.006512
149.072473    0.006508
149.763007    0.006519
150.453541    0.006506
151.144074    0.006464
151.834608    0.006433
152.525142    0.006417
153.215676    0.006376
153.906210    0.006312
154.596744    0.006266
155.287278    0.006234
155.977812    0.006183
156.668346    0.006115
157.358880    0.006068
158.049414    0.006040
158.739948    0.005997
159.430482    0.005943
160.121016    0.005909
160.811550    0.005898
161.502084    0.005878
162.192618    0.005846
162.883152    0.005831
163.573686    0.005840
164.264220    0.005845
164.954754    0.005835
165.645288    0.005834
166.335822    0.005856
167.026356    0.005878
167.716890    0.005881
168.407424    0.005883
169.097958    0.005903
169.788492    0.005927
170.479026    0.005933
171.169559    0.005926
171.860093    0.005930
172.550627    0.005943
173.241161    0.005943
173.931695    0.005922
174.622229    0.005900
175.312763    0.005890
176.003297    0.005878
176.693831    0.005846
177.384365    0.005800
178.074899    0.005761
178.765433    0.005731
179.455967    0.005692
180.146501    0.005633
180.837035    0.005571
181.527569    0.005521
182.218103    0.005476
182.908637    0.005420
183.599171    0.005351
184.289705    0.005286
184.980239    0.005236
185.670773    0.005190
186.361307    0.005136
187.051841    0.005074
187.742375    0.005020
188.432909    0.004982
189.123443    0.004949
189.813977    0.004910
190.504511    0.004865
191.195045    0.004828
191.885578    0.004807
192.576112    0.004792
193.266646    0.004769
193.957180    0.004740
194.647714    0.004716
195.338248    0.004704
196.028782    0.004698
196.719316    0.004685
197.409850    0.004663
198.100384    0.004639
198.790918    0.004623
199.481452    0.004613
200.171986    0.004599
200.862520    0.004572
201.553054    0.004538
202.243588    0.004507
202.934122    0.004483
203.624656    0.004458
204.315190    0.004424
205.005724    0.004379
205.696258    0.004330
206.386792    0.004285
207.077326    0.004246
207.767860    0.004204
208.458394    0.004153
209.148928    0.004093
209.839462    0.004032
210.529996    0.003977
211.220530    0.003928
211.911063    0.003878
212.601597    0.003821
213.292131    0.003758
213.982665    0.003696
214.673199    0.003642
215.363733    0.003595
216.054267    0.003550
216.744801    0.003503
217.435335    0.003451
218.125869    0.003401
218.816403    0.003357
219.506937    0.003322
220.197471    0.003292
220.888005    0.003263
221.578539    0.003229
222.269073    0.003194
222.959607    0.003162
223.650141    0.003137
224.340675    0.003118
225.031209    0.003100
225.721743    0.003080
226.412277    0.003055
227.102811    0.003026
227.793345    0.002999
228.483879    0.002976
229.174413    0.002956
229.864947    0.002936
230.555481    0.002912
231.246015    0.002881
231.936549    0.002846
232.627082    0.002809
233.317616    0.002774
234.008150    0.002742
234.698684    0.002711
235.389218    0.002678
236.079752    0.002639
236.770286    0.002595
237.460820    0.002548
238.151354    0.002500
238.841888    0.002455
239.532422    0.002413
240.222956    0.002372
240.913490    0.002331
241.604024    0.002286
242.294558    0.002238
242.985092    0.002188
243.675626    0.002138
244.366160    0.002091
245.056694    0.002049
245.747228    0.002011
246.437762    0.001976
247.128296    0.001942
247.818830    0.001908
248.509364    0.001874
249.199898    0.001840
249.890432    0.001808
250.580966    0.001780
251.271500    0.001756
251.962034    0.001736
252.652567    0.001718
253.343101    0.001701
254.033635    0.001684
254.724169    0.001667
255.414703    0.001649
256.105237    0.001632
256.795771    0.001615
257.486305    0.001601
258.176839    0.001587
258.867373    0.001574
259.557907    0.001560
260.248441    0.001543
260.938975    0.001523
261.629509    0.001499
262.320043    0.001471
263.010577    0.001441
263.701111    0.001410
264.391645    0.001380
265.082179    0.001352
265.772713    0.001327
266.463247    0.001305
267.153781    0.001285
267.844315    0.001265
268.534849    0.001244
269.225383    0.001221
269.915917    0.001194
270.606451    0.001163
271.296985    0.001128
271.987519    0.001089
272.678052    0.001047
273.368586    0.001003
274.059120    0.000960
274.749654    0.000918
275.440188    0.000878
276.130722    0.000842
276.821256    0.000811
277.511790    0.000784
278.202324    0.000761
278.892858    0.000744
279.583392    0.000731
280.273926    0.000722
280.964460    0.000717
281.654994    0.000715
282.345528    0.000716
283.036062    0.000720
283.726596    0.000726
284.417130    0.000732
285.107664    0.000740
285.798198    0.000747
286.488732    0.000755
287.179266    0.000760
287.869800    0.000764
288.560334    0.000766
289.250868    0.000765
289.941402    0.000761
290.631936    0.000754
291.322470    0.000743
292.013004    0.000728
292.703538    0.000711
293.394071    0.000690
294.084605    0.000666
294.775139    0.000639
295.465673    0.000610
296.156207    0.000580
296.846741    0.000548
297.537275    0.000516
298.227809    0.000483
298.918343    0.000450
299.608877    0.000418
300.299411    0.000386
300.989945    0.000355
301.680479    0.000326
302.371013    0.000297
303.061547    0.000271
303.752081    0.000246
304.442615    0.000222
305.133149    0.000200
305.823683    0.000180
306.514217    0.000162
307.204751    0.000145
307.895285    0.000130
308.585819    0.000116
309.276353    0.000103
309.966887    0.000092
310.657421    0.000082
311.347955    0.000073
312.038489    0.000065
312.729023    0.000057
313.419556    0.000051
314.110090    0.000045
314.800624    0.000040
315.491158    0.000036
316.181692    0.000032
316.872226    0.000028
317.562760    0.000025
318.253294    0.000022
318.943828    0.000020
319.634362    0.000018
320.324896    0.000016
321.015430    0.000014
321.705964    0.000013
322.396498    0.000011
323.087032    0.000010
323.777566    0.000009
324.468100    0.000008
325.158634    0.000007
325.849168    0.000007
326.539702    0.000006
327.230236    0.000006
327.920770    0.000005
328.611304    0.000005
329.301838    0.000004
329.992372    0.000004
330.682906    0.000004
331.373440    0.000003
332.063974    0.000003
332.754508    0.000003
333.445042    0.000003
334.135575    0.000002
334.826109    0.000002
335.516643    0.000002
336.207177    0.000002
336.897711    0.000002
337.588245    0.000002
338.278779    0.000002
338.969313    0.000001
339.659847    0.000001
340.350381    0.000001
341.040915    0.000001
341.731449    0.000001
342.421983    0.000001
343.112517    0.000001
343.803051    0.000001
344.493585    0.000001
345.184119    0.000001
345.874653    0.000001
346.565187    0.000001
347.255721    0.000001
347.946255    0.000001
348.636789    0.000001
349.327323    0.000001
350.017857    0.000000
