-388.218196    0.000000
-387.527662    0.000000
-386.837128    0.000000
-386.146594    0.000000
-385.456060    0.000000
-384.765526    0.000000
-384.074992    0.000000
-383.384458    0.000000
-382.693924    0.000000
-382.003390    0.000000
-381.312856    0.000000
-380.622322    0.000000
-379.931788    0.000000
-379.241254    0.000000
-378.550720    0.000000
-377.860186    0.000000
-377.169652    0.000000
-376.479118    0.000000
-375.788584    0.000000
-375.098050    0.000000
-374.407516    0.000000
-373.716982    0.000000
-373.026448    0.000000
-372.335914    0.000000
-371.645381    0.000000
-370.954847    0.000000
-370.264313    0.000000
-369.573779    0.000000
-368.883245    0.000000
-368.192711    0.000000
-367.502177    0.000000
-366.811643    0.000000
-366.121109    0.000000
-365.430575    0.000000
-364.740041    0.000000
-364.049507    0.000000
-363.358973    0.000000
-362.668439    0.000000
-361.977905    0.000000
-361.287371    0.000000
-360.596837    0.000000
-359.906303    0.000000
-359.215769    0.000000
-358.525235    0.000000
-357.834701    0.000000
-357.144167    0.000000
-356.453633    0.000000
-355.763099    0.000000
-355.072565    0.000000
-354.382031    0.000000
-353.691497    0.000000
-353.000963    0.000000
-352.310429    0.000000
-351.619895    0.000000
-350.929362    0.000000
-350.238828    0.000000
-349.548294    0.000000
-348.857760    0.000000
-348.167226    0.000000
-347.476692    0.000000
-346.786158    0.000000
-346.095624    0.000000
-345.405090    0.000000
-344.714556    0.000000
-344.024022    0.000000
-343.333488    0.000000
-342.642954    0.000000
-341.952420    0.000000
-341.261886    0.000000
-340.571352    0.000000
-339.880818    0.000000
-339.190284    0.000000
-338.499750    0.000000
-337.809216    0.000000
-337.118682    0.000000
-336.428148    0.000000
-335.737614    0.000000
-335.047080    0.000000
-334.356546    0.000000
-333.666012    0.000000
-332.975478    0.000000
-332.284944    0.000000
-331.594410    0.000000
-330.903877    0.000000
-330.213343    0.000000
-329.522809    0.000000
-328.832275    0.000000
-328.141741    0.000000
-327.451207    0.000000
-326.760673    0.000000
-326.070139    0.000000
-325.379605    0.000000
-324.689071    0.000000
-323.998537    0.000000
-323.308003    0.000000
-322.617469    0.000000
-321.926935    0.000000
-321.236401    0.000000
-320.545867    0.000000
-319.855333    0.000000
-319.164799    0.000000
-318.474265    0.000000
-317.783731    0.000000
-317.093197    0.000000
-316.402663    0.000000
-315.712129    0.000000
-315.021595    0.000000
-314.331061    0.000000
-313.640527    0.000000
-312.949993    0.000000
-312.259459    0.000000
-311.568925    0.000000
-310.878391    0.000000
-310.187858    0.000000
-309.497324    0.000000
-308.806790    0.000000
-308.116256    0.000000
-307.425722    0.000000
-306.735188    0.000000
-306.044654    0.000000
-305.354120    0.000000
-304.663586    0.000000
-303.973052    0.000000
-303.282518    0.000000
-302.591984    0.000000
-301.901450    0.000000
-301.210916    0.000000
-300.520382    0.000000
-299.829848    0.000000
-299.139314    0.000000
-298.448780    0.000000
-297.758246    0.000000
-297.067712    0.000000
-296.377178    0.000000
-295.686644    0.000000
-294.996110    0.000000
-294.305576    0.000000
-293.615042    0.000000
-292.924508    0.000000
-292.233974    0.000000
-291.543440    0.000000
-290.852906    0.000000
-290.162373    0.000000
-289.471839    0.000000
-288.781305    0.000000
-288.090771    0.000000
-287.400237    0.000000
-286.709703    0.000000
-286.019169    0.000000
-285.328635    0.000000
-284.638101    0.000000
-283.947567    0.000000
-283.257033    0.000000
-282.566499    0.000000
-281.875965    0.000000
-281.185431    0.000000
-280.494897    0.000000
-279.804363    0.000000
-279.113829    0.000000
-278.423295    0.000000
-277.732761    0.000000
-277.042227    0.000000
-276.351693    0.000000
-275.661159    0.000000
-274.970625    0.000000
-274.280091    0.000000
-273.589557    0.000000
-272.899023    0.000000
-272.208489    0.000000
-271.517955    0.000000
-270.827421    0.000000
-270.136888    0.000000
-269.446354    0.000000
-268.755820    0.000000
-268.065286    0.000000
-267.374752    0.000000
-266.684218    0.000000
-265.993684    0.000000
-265.303150    0.000000
-264.612616    0.000000
-263.922082    0.000000
-263.231548    0.000000
-262.541014    0.000000
-261.850480    0.000000
-261.159946    0.000000
-260.469412    0.000000
-259.778878    0.000000
-259.088344    0.000000
-258.397810    0.000000
-257.707276    0.000000
-257.016742    0.000000
-256.326208    0.000000
-255.635674    0.000000
-254.945140    0.000000
-254.254606    0.000000
-253.564072    0.000000
-252.873538    0.000000
-252.183004    0.000000
-251.492470    0.000000
-250.801936    0.000000
-250.111402    0.000000
-249.420869    0.000000
-248.730335    0.000000
-248.039801    0.000000
-247.349267    0.000000
-246.658733    0.000000
-245.968199    0.000000
-245.277665    0.000000
-244.587131    0.000000
-243.896597    0.000000
-243.206063    0.000000
-242.515529    0.000000
-241.824995    0.000000
-241.134461    0.000000
-240.443927    0.000000
-239.753393    0.000000
-239.062859    0.000000
-238.372325    0.000000
-237.681791    0.000000
-236.991257    0.000000
-236.300723    0.000000
-235.610189    0.000000
-234.919655    0.000000
-234.229121    0.000000
-233.538587    0.000000
-232.848053    0.000000
-232.157519    0.000000
-231.466985    0.000000
-230.776451    0.000000
-230.085917    0.000000
-229.395384    0.000000
-228.704850    0.000000
-228.014316    0.000000
-227.323782    0.000000
-226.633248    0.000000
-225.942714    0.000000
-225.252180    0.000000
-224.561646    0.000000
-223.871112    0.000000
-223.180578    0.000000
-222.490044    0.000000
-221.799510    0.000000
-221.108976    0.000000
-220.418442    0.000000
-219.727908    0.000000
-219.037374    0.000000
-218.346840    0.000000
-217.656306    0.000000
-216.965772    0.000000
-216.275238    0.000000
-215.584704    0.000000
-214.894170    0.000000
-214.203636    0.000000
-213.513102    0.000000
-212.822568    0.000000
-212.132034    0.000000
-211.441500    0.000000
-210.750966    0.000000
-210.060432    0.000000
-209.369898    0.000000
-208.679365    0.000000
-207.988831    0.000000
-207.298297    0.000000
-206.607763    0.000000
-205.917229    0.000000
-205.226695    0.000000
-204.536161    0.000000
-203.845627    0.000000
-203.155093    0.000000
-202.464559    0.000000
-201.774025    0.000000
-201.083491    0.000000
-200.392957    0.000000
-199.702423    0.000000
-199.011889    0.000000
-198.321355    0.000000
-197.630821    0.000000
-196.940287    0.000000
-196.249753    0.000000
-195.559219    0.000000
-194.868685    0.000000
-194.178151    0.000000
-193.487617    0.000000
-192.797083    0.000000
-192.106549    0.000000
-191.416015    0.000000
-190.725481    0.000000
-190.034947    0.000000
-189.344413    0.000000
-188.653880    0.000000
-187.963346    0.000000
-187.272812    0.000000
-186.582278    0.000000
-185.891744    0.000000
-185.201210    0.000000
-184.510676    0.000000
-183.820142    0.000000
-183.129608    0.000000
-182.439074    0.000000
-181.748540    0.000000
-181.058006    0.000000
-180.367472    0.000000
-179.676938    0.000000
-178.986404    0.000000
-178.295870    0.000000
-177.605336    0.000000
-176.914802    0.000000
-176.224268    0.000000
-175.533734    0.000000
-174.843200    0.000000
-174.152666    0.000000
-173.462132    0.000000
-172.771598    0.000000
-172.081064    0.000000
-171.390530    0.000000
-170.699996    0.000000
-170.009462    0.000000
-169.318928    0.000000
-168.628394    0.000000
-167.937861    0.000000
-167.247327    0.000000
-166.556793    0.000000
-165.866259    0.000000
-165.175725    0.000000
-164.485191    0.000000
-163.794657    0.000000
-163.104123    0.000000
-162.413589    0.000000
-161.723055    0.000000
-161.032521    0.000000
-160.341987    0.000000
-159.651453    0.000000
-158.960919    0.000000
-158.270385    0.000000
-157.579851    0.000000
-156.889317    0.000000
-156.198783    0.000000
-155.508249    0.000000
-154.817715    0.000000
-154.127181    0.000000
-153.436647    0.000000
-152.746113    0.000000
-152.055579    0.000000
-151.365045    0.000000
-150.674511    0.000000
-149.983977    0.000000
-149.293443    0.000000
-148.602909    0.000000
-147.912376    0.000000
-147.221842    0.000000
-146.531308    0.000000
-145.840774    0.000000
-145.150240    0.000001
-144.459706    0.000001
-143.769172    0.000001
-143.078638    0.000002
-142.388104    0.000002
-141.697570    0.000003
-141.007036    0.000004
-140.316502    0.000006
-139.625968    0.000008
-138.935434    0.000011
-138.244900    0.000015
-137.554366    0.000021
-136.863832    0.000028
-136.173298    0.000037
-135.482764    0.000049
-134.792230    0.000064
-134.101696    0.000084
-133.411162    0.000109
-132.720628    0.000141
-132.030094    0.000181
-131.339560    0.000232
-130.649026    0.000294
-129.958492    0.000371
-129.267958    0.000465
-128.577424    0.000580
-127.886891    0.000719
-127.196357    0.000888
-126.505823    0.001090
-125.815289    0.001331
-125.124755    0.001618
-124.434221    0.001956
-123.743687    0.002355
-123.053153    0.002822
-122.362619    0.003365
-121.672085    0.003994
-120.981551    0.004718
-120.291017    0.005548
-119.600483    0.006493
-118.909949    0.007561
-118.219415    0.008759
-117.528881    0.010094
-116.838347    0.011569
-116.147813    0.013182
-115.457279    0.014928
-114.766745    0.016797
-114.076211    0.018773
-113.385677    0.020830
-112.695143    0.022939
-112.004609    0.025060
-111.314075    0.027147
-110.623541    0.029145
-109.933007    0.030995
-109.242473    0.032635
-108.551939    0.033998
-107.861405    0.035023
-107.170872    0.035649
-106.480338    0.035827
-105.789804    0.035516
-105.099270    0.034694
-104.408736    0.033354
-103.718202    0.031512
-103.027668    0.029206
-102.337134    0.026496
-101.646600    0.023462
-100.956066    0.020205
-100.265532    0.016841
-99.574998    0.013494
-98.884464    0.010297
-98.193930    0.007377
-97.503396    0.004854
-96.812862    0.002836
-96.122328    0.001405
-95.431794    0.000624
-94.741260    0.000522
-94.050726    0.001101
-93.360192    0.002333
-92.669658    0.004159
-91.979124    0.006499
-91.288590    0.009249
-90.598056    0.012293
-89.907522    0.015507
-89.216988    0.018764
-88.526454    0.021941
-87.835920    0.024928
-87.145387    0.027627
-86.454853    0.029960
-85.764319    0.031869
-85.073785    0.033316
-84.383251    0.034285
-83.692717    0.034781
-83.002183    0.034824
-82.311649    0.034449
-81.621115    0.033702
-80.930581    0.032636
-80.240047    0.031310
-79.549513    0.029781
-78.858979    0.028108
-78.168445    0.026341
-77.477911    0.024530
-76.787377    0.022714
-76.096843    0.020928
-75.406309    0.019196
-74.715775    0.017539
-74.025241    0.015969
-73.334707    0.014493
-72.644173    0.013115
-71.953639    0.011833
-71.263105    0.010645
-70.572571    0.009547
-69.882037    0.008532
-69.191503    0.007596
-68.500969    0.006733
-67.810435    0.005939
-67.119901    0.005209
-66.429368    0.004540
-65.738834    0.003930
-65.048300    0.003376
-64.357766    0.002876
-63.667232    0.002429
-62.976698    0.002032
-62.286164    0.001684
-61.595630    0.001381
-60.905096    0.001122
-60.214562    0.000903
-59.524028    0.000721
-58.833494    0.000571
-58.142960    0.000452
-57.452426    0.000358
-56.761892    0.000285
-56.071358    0.000231
-55.380824    0.000193
-54.690290    0.000166
-53.999756    0.000148
-53.309222    0.000136
-52.618688    0.000130
-51.928154    0.000126
-51.237620    0.000124
-50.547086    0.000123
-49.856552    0.000122
-49.166018    0.000120
-48.475484    0.000117
-47.784950    0.000113
-47.094416    0.000108
-46.403883    0.000102
-45.713349    0.000096
-45.022815    0.000088
-44.332281    0.000081
-43.641747    0.000073
-42.951213    0.000066
-42.260679    0.000058
-41.570145    0.000051
-40.879611    0.000044
-40.189077    0.000038
-39.498543    0.000033
-38.808009    0.000028
-38.117475    0.000024
-37.426941    0.000020
-36.736407    0.000017
-36.045873    0.000014
-35.355339    0.000012
-34.664805    0.000010
-33.974271    0.000009
-33.283737    0.000007
-32.593203    0.000006
-31.902669    0.000005
-31.212135    0.000004
-30.521601    0.000004
-29.831067    0.000003
-29.140533    0.000003
-28.449999    0.000003
-27.759465    0.000002
-27.068931    0.000002
-26.378398    0.000002
-25.687864    0.000002
-24.997330    0.000002
-24.306796    0.000001
-23.616262    0.000001
-22.925728    0.000001
-22.235194    0.000001
-21.544660    0.000001
-20.854126    0.000001
-20.163592    0.000001
-19.473058    0.000001
-18.782524    0.000001
-18.091990    0.000001
-17.401456    0.000001
-16.710922    0.000001
-16.020388    0.000001
-15.329854    0.000001
-14.639320    0.000001
-13.948786    0.000001
-13.258252    0.000001
-12.567718    0.000001
-11.877184    0.000001
-11.186650    0.000001
-10.496116    0.000000
-9.805582    0.000000
-9.115048    0.000000
-8.424514    0.000000
-7.733980    0.000000
-7.043446    0.000000
-6.352912    0.000000
-5.662379    0.000000
-4.971845    0.000000
-4.281311    0.000000
-3.590777    0.000000
-2.900243    0.000000
-2.209709    0.000000
-1.519175    0.000000
-0.828641    0.000000
-0.138107    0.000000
0.552427    0.000000
1.242961    0.000000
1.933495    0.000000
2.624029    0.000000
3.314563    0.000000
4.005097    0.000000
4.695631    0.000001
5.386165    0.000000
6.076699    0.000000
6.767233    0.000000
7.457767    0.000000
8.148301    0.000000
8.838835    0.000000
9.529369    0.000000
10.219903    0.000000
10.910437    0.000000
11.600971    0.000000
12.291505    0.000000
12.982039    0.000000
13.672573    0.000000
14.363106    0.000000
15.053640    0.000000
15.744174    0.000000
16.434708    0.000000
17.125242    0.000000
17.815776    0.000000
18.506310    0.000000
19.196844    0.000000
19.887378    0.000000
20.577912    0.000000
21.268446    0.000000
21.958980    0.000000
22.649514    0.000000
23.340048    0.000000
24.030582    0.000000
24.721116    0.000001
25.411650    0.000001
26.102184    0.000001
26.792718    0.000001
27.483252    0.000001
28.173786    0.000001
28.864320    0.000002
29.554854    0.000002
30.245388    0.000002
30.935922    0.000003
31.626456    0.000003
32.316990    0.000003
33.007524    0.000004
33.698058    0.000004
34.388592    0.000005
35.079125    0.000006
35.769659    0.000006
36.460193    0.000007
37.150727    0.000008
37.841261    0.000009
38.531795    0.000009
39.222329    0.000010
39.912863    0.000011
40.603397    0.000012
41.293931    0.000013
41.984465    0.000014
42.674999    0.000014
43.365533    0.000015
44.056067    0.000016
44.746601    0.000017
45.437135    0.000018
46.127669    0.000019
46.818203    0.000020
47.508737    0.000021
48.199271    0.000023
48.889805    0.000024
49.580339    0.000027
50.270873    0.000030
50.961407    0.000034
51.651941    0.000039
52.342475    0.000045
53.033009    0.000054
53.723543    0.000064
54.414077    0.000078
55.104610    0.000094
55.795144    0.000114
56.485678    0.000139
57.176212    0.000168
57.866746    0.000203
58.557280    0.000242
59.247814    0.000287
59.938348    0.000337
60.628882    0.000392
61.319416    0.000450
62.009950    0.000510
62.700484    0.000569
63.391018    0.000627
64.081552    0.000678
64.772086    0.000722
65.462620    0.000753
66.153154    0.000770
66.843688    0.000769
67.534222    0.000750
68.224756    0.000711
68.915290    0.000654
69.605824    0.000585
70.296358    0.000511
70.986892    0.000444
71.677426    0.000401
72.367960    0.000404
73.058494    0.000484
73.749028    0.000674
74.439562    0.001019
75.130096    0.001568
75.820629    0.002379
76.511163    0.003516
77.201697    0.005053
77.892231    0.007065
78.582765    0.009635
79.273299    0.012848
79.963833    0.016793
80.654367    0.021554
81.344901    0.027216
82.035435    0.033859
82.725969    0.041554
83.416503    0.050362
84.107037    0.060334
84.797571    0.071505
85.488105    0.083894
86.178639    0.097502
86.869173    0.112311
87.559707    0.128282
88.250241    0.145357
88.940775    0.163456
89.631309    0.182480
90.321843    0.202310
91.012377    0.222808
91.702911    0.243820
92.393445    0.265175
93.083979    0.286690
93.774513    0.308170
94.465047    0.329407
95.155581    0.350188
95.846114    0.370295
96.536648    0.389505
97.227182    0.407596
97.917716    0.424351
98.608250    0.439555
99.298784    0.453009
99.989318    0.464525
100.679852    0.473933
101.370386    0.481088
102.060920    0.485869
102.751454    0.488187
103.441988    0.487986
104.132522    0.485247
104.823056    0.479987
105.513590    0.472265
106.204124    0.462177
106.894658    0.449855
107.585192    0.435467
108.275726    0.419213
108.966260    0.401318
109.656794    0.382029
110.347328    0.361609
111.037862    0.340329
111.728396    0.318463
112.418930    0.296281
113.109464    0.274044
113.799998    0.251997
114.490532    0.230366
115.181066    0.209353
115.871599    0.189134
116.562133    0.169856
117.252667    0.151638
117.943201    0.134569
118.633735    0.118710
119.324269    0.104094
120.014803    0.090733
120.705337    0.078614
121.395871    0.067705
122.086405    0.057961
122.776939    0.049322
123.467473    0.041718
124.158007    0.035075
124.848541    0.029313
125.539075    0.024350
126.229609    0.020106
126.920143    0.016501
127.610677    0.013462
128.301211    0.010916
128.991745    0.008799
129.682279    0.007049
130.372813    0.005613
131.063347    0.004443
131.753881    0.003496
132.444415    0.002734
133.134949    0.002125
133.825483    0.001642
134.516017    0.001261
135.206551    0.000963
135.897085    0.000730
136.587618    0.000551
137.278152    0.000413
137.968686    0.000308
138.659220    0.000228
139.349754    0.000168
140.040288    0.000123
140.730822    0.000089
141.421356    0.000064
142.111890    0.000046
142.802424    0.000033
143.492958    0.000023
144.183492    0.000017
144.874026    0.000012
145.564560    0.000008
146.255094    0.000006
146.945628    0.000004
147.636162    0.000003
148.326696    0.000002
149.017230    0.000001
149.707764    0.000001
150.398298    0.000001
151.088832    0.000000
151.779366    0.000000
152.469900    0.000000
153.160434    0.000000
153.850968    0.000000
154.541502    0.000000
155.232036    0.000000
155.922570    0.000000
156.613103    0.000000
157.303637    0.000000
157.994171    0.000000
158.684705    0.000000
159.375239    0.000000
160.065773    0.000000
160.756307    0.000000
161.446841    0.000000
162.137375    0.000000
162.827909    0.000000
163.518443    0.000000
164.208977    0.000000
164.899511    0.000000
165.590045    0.000000
166.280579    0.000000
166.971113    0.000000
167.661647    0.000000
168.352181    0.000000
169.042715    0.000000
169.733249    0.000000
170.423783    0.000000
171.114317    0.000000
171.804851    0.000000
172.495385    0.000000
173.185919    0.000000
173.876453    0.000000
174.566987    0.000000
175.257521    0.000000
175.948055    0.000000
176.638589    0.000000
177.329122    0.000000
178.019656    0.000000
178.710190    0.000000
179.400724    0.000000
180.091258    0.000000
180.781792    0.000000
181.472326    0.000000
182.162860    0.000000
182.853394    0.000000
183.543928    0.000000
184.234462    0.000000
184.924996    0.000000
185.615530    0.000000
186.306064    0.000000
186.996598    0.000000
187.687132    0.000000
188.377666    0.000000
189.068200    0.000000
189.758734    0.000000
190.449268    0.000000
191.139802    0.000000
191.830336    0.000000
192.520870    0.000000
193.211404    0.000000
193.901938    0.000000
194.592472    0.000000
195.283006    0.000000
195.973540    0.000000
196.664074    0.000000
197.354607    0.000000
198.045141    0.000000
198.735675    0.000000
199.426209    0.000000
200.116743    0.000000
200.807277    0.000000
201.497811    0.000000
202.188345    0.000000
202.878879    0.000000
203.569413    0.000000
204.259947    0.000000
204.950481    0.000000
205.641015    0.000000
206.331549    0.000000
207.022083    0.000000
207.712617    0.000000
208.403151    0.000000
209.093685    0.000000
209.784219    0.000000
210.474753    0.000000
211.165287    0.000000
211.855821    0.000000
212.546355    0.000000
213.236889    0.000000
213.927423    0.000000
214.617957    0.000000
215.308491    0.000000
215.999025    0.000000
216.689559    0.000000
217.380092    0.000000
218.070626    0.000000
218.761160    0.000000
219.451694    0.000000
220.142228    0.000000
220.832762    0.000000
221.523296    0.000000
222.213830    0.000000
222.904364    0.000000
223.594898    0.000000
224.285432    0.000000
224.975966    0.000000
225.666500    0.000000
226.357034    0.000000
227.047568    0.000000
227.738102    0.000000
228.428636    0.000000
229.119170    0.000000
229.809704    0.000000
230.500238    0.000000
231.190772    0.000000
231.881306    0.000000
232.571840    0.000000
233.262374    0.000000
233.952908    0.000000
234.643442    0.000000
235.333976    0.000000
236.024510    0.000000
236.715044    0.000000
237.405578    0.000000
238.096111    0.000000
238.786645    0.000000
239.477179    0.000000
240.167713    0.000000
240.858247    0.000000
241.548781    0.000000
242.239315    0.000000
242.929849    0.000000
243.620383    0.000000
244.310917    0.000000
245.001451    0.000000
245.691985    0.000000
246.382519    0.000000
247.073053    0.000000
247.763587    0.000000
248.454121    0.000000
249.144655    0.000000
249.835189    0.000000
250.525723    0.000000
251.216257    0.000000
251.906791    0.000000
252.597325    0.000000
253.287859    0.000000
253.978393    0.000000
254.668927    0.000000
255.359461    0.000000
256.049995    0.000000
256.740529    0.000000
257.431063    0.000000
258.121596    0.000000
258.812130    0.000000
259.502664    0.000000
260.193198    0.000000
260.883732    0.000000
261.574266    0.000000
262.264800    0.000000
262.955334    0.000000
263.645868    0.000000
264.336402    0.000000
265.026936    0.000000
265.717470    0.000000
266.408004    0.000000
267.098538    0.000000
267.789072    0.000000
268.479606    0.000000
269.170140    0.000000
269.860674    0.000000
270.551208    0.000000
271.241742    0.000000
271.932276    0.000000
272.622810    0.000000
273.313344    0.000000
274.003878    0.000000
274.694412    0.000000
275.384946    0.000000
276.075480    0.000000
276.766014    0.000000
277.456548    0.000000
278.147082    0.000000
278.837615    0.000000
279.528149    0.000000
280.218683    0.000000
280.909217    0.000000
281.599751    0.000000
282.290285    0.000000
282.980819    0.000000
283.671353    0.000000
284.361887    0.000000
285.052421    0.000000
285.742955    0.000000
286.433489    0.000000
287.124023    0.000000
287.814557    0.000000
288.505091    0.000000
289.195625    0.000000
289.886159    0.000000
290.576693    0.000000
291.267227    0.000000
291.957761    0.000000
292.648295    0.000000
293.338829    0.000000
294.029363    0.000000
294.719897    0.000000
295.410431    0.000000
296.100965    0.000000
296.791499    0.000000
297.482033    0.000000
298.172567    0.000000
298.863100    0.000000
299.553634    0.000000
300.244168    0.000000
300.934702    0.000000
301.625236    0.000000
302.315770    0.000000
303.006304    0.000000
303.696838    0.000000
304.387372    0.000000
305.077906    0.000000
305.768440    0.000000
306.458974    0.000000
307.149508    0.000000
307.840042    0.000000
308.530576    0.000000
309.221110    0.000000
309.911644    0.000000
310.602178    0.000000
311.292712    0.000000
311.983246    0.000000
312.673780    0.000000
313.364314    0.000000
314.054848    0.000000
314.745382    0.000000
315.435916    0.000000
316.126450    0.000000
316.816984    0.000000
317.507518    0.000000
318.198052    0.000000
