0.000000    0.000000
0.008886    0.000000
0.017772    0.000000
0.026657    0.000000
0.035543    0.000000
0.044429    0.000000
0.053315    0.000000
0.062200    0.000000
0.071086    0.000000
0.079972    0.000000
0.088858    0.000000
0.097743    0.000000
0.106629    0.000000
0.115515    0.000000
0.124401    0.000000
0.133286    0.000000
0.142172    0.000000
0.151058    0.000000
0.159944    0.000000
0.168830    0.000000
0.177715    0.000000
0.186601    0.000000
0.195487    0.000000
0.204373    0.000000
0.213258    0.000000
0.222144    0.000000
0.231030    0.000000
0.239916    0.000000
0.248801    0.000000
0.257687    0.000000
0.266573    0.000000
0.275459    0.000000
0.284345    0.000000
0.293230    0.000000
0.302116    0.000000
0.311002    0.000000
0.319888    0.000000
0.328773    0.000000
0.337659    0.000000
0.346545    0.000000
0.355431    0.000000
0.364316    0.000000
0.373202    0.000000
0.382088    0.000000
0.390974    0.000000
0.399859    0.000000
0.408745    0.000000
0.417631    0.000000
0.426517    0.000000
0.435403    0.000000
0.444288    0.000000
0.453174    0.000000
0.462060    0.000000
0.470946    0.000000
0.479831    0.000000
0.488717    0.000000
0.497603    0.000000
0.506489    0.000000
0.515374    0.000000
0.524260    0.000000
0.533146    0.000000
0.542032    0.000000
0.550917    0.000000
0.559803    0.000000
0.568689    0.000000
0.577575    0.000000
0.586461    0.000000
0.595346    0.000000
0.604232    0.000000
0.613118    0.000000
0.622004    0.000000
0.630889    0.000000
0.639775    0.000000
0.648661    0.000000
0.657547    0.000000
0.666432    0.000000
0.675318    0.000000
0.684204    0.000000
0.693090    0.000000
0.701976    0.000000
0.710861    0.000000
0.719747    0.000000
0.728633    0.000000
0.737519    0.000000
0.746404    0.000000
0.755290    0.000000
0.764176    0.000000
0.773062    0.000000
0.781947    0.000000
0.790833    0.000000
0.799719    0.000000
0.808605    0.000000
0.817490    0.000000
0.826376    0.000000
0.835262    0.000000
0.844148    0.000000
0.853034    0.000000
0.861919    0.000000
0.870805    0.000000
0.879691    0.000000
0.888577    0.000000
0.897462    0.000000
0.906348    0.000000
0.915234    0.000000
0.924120    0.000000
0.933005    0.000000
0.941891    0.000000
0.950777    0.000000
0.959663    0.000000
0.968548    0.000000
0.977434    0.000000
0.986320    0.000000
0.995206    0.000000
1.004092    0.000000
1.012977    0.000000
1.021863    0.000000
1.030749    0.000000
1.039635    0.000000
1.048520    0.000000
1.057406    0.000000
1.066292    0.000000
1.075178    0.000000
1.084063    0.000000
1.092949    0.000000
1.101835    0.000000
1.110721    0.000000
1.119607    0.000000
1.128492    0.000000
1.137378    0.000000
1.146264    0.000000
1.155150    0.000000
1.164035    0.000000
1.172921    0.000000
1.181807    0.000000
1.190693    0.000000
1.199578    0.000000
1.208464    0.000000
1.217350    0.000000
1.226236    0.000000
1.235121    0.000000
1.244007    0.000000
1.252893    0.000000
1.261779    0.000000
1.270665    0.000000
1.279550    0.000000
1.288436    0.000000
1.297322    0.000000
1.306208    0.000000
1.315093    0.000000
1.323979    0.000000
1.332865    0.000000
1.341751    0.000000
1.350636    0.000000
1.359522    0.000000
1.368408    0.000000
1.377294    0.000000
1.386179    0.000000
1.395065    0.000000
1.403951    0.000000
1.412837    0.000000
1.421723    0.000000
1.430608    0.000000
1.439494    0.000000
1.448380    0.000000
1.457266    0.000000
1.466151    0.000000
1.475037    0.000001
1.483923    0.000001
1.492809    0.000002
1.501694    0.000003
1.510580    0.000004
1.519466    0.000006
1.528352    0.000010
1.537237    0.000014
1.546123    0.000022
1.555009    0.000032
1.563895    0.000048
1.572781    0.000070
1.581666    0.000102
1.590552    0.000147
1.599438    0.000211
1.608324    0.000300
1.617209    0.000423
1.626095    0.000592
1.634981    0.000823
1.643867    0.001133
1.652752    0.001549
1.661638    0.002101
1.670524    0.002827
1.679410    0.003773
1.688296    0.004997
1.697181    0.006565
1.706067    0.008559
1.714953    0.011069
1.723839    0.014204
1.732724    0.018083
1.741610    0.022840
1.750496    0.028621
1.759382    0.035584
1.768267    0.043893
1.777153    0.053717
1.786039    0.065222
1.794925    0.078568
1.803810    0.093902
1.812696    0.111344
1.821582    0.130989
1.830468    0.152888
1.839354    0.177044
1.848239    0.203405
1.857125    0.231853
1.866011    0.262200
1.874897    0.294189
1.883782    0.327483
1.892668    0.361679
1.901554    0.396304
1.910440    0.430829
1.919325    0.464678
1.928211    0.497245
1.937097    0.527909
1.945983    0.556057
1.954868    0.581099
1.963754    0.602493
1.972640    0.619762
1.981526    0.632512
1.990412    0.640447
1.999297    0.643382
2.008183    0.641248
2.017069    0.634094
2.025955    0.622088
2.034840    0.605510
2.043726    0.584739
2.052612    0.560239
2.061498    0.532544
2.070383    0.502237
2.079269    0.469930
2.088155    0.436243
2.097041    0.401786
2.105927    0.367140
2.114812    0.332843
2.123698    0.299377
2.132584    0.267158
2.141470    0.236532
2.150355    0.207769
2.159241    0.181069
2.168127    0.156559
2.177013    0.134302
2.185898    0.114303
2.194784    0.096517
2.203670    0.080858
2.212556    0.067206
2.221441    0.055420
2.230327    0.045342
2.239213    0.036805
2.248099    0.029640
2.256985    0.023682
2.265870    0.018773
2.274756    0.014764
2.283642    0.011521
2.292528    0.008919
2.301413    0.006850
2.310299    0.005220
2.319185    0.003946
2.328071    0.002960
2.336956    0.002203
2.345842    0.001626
2.354728    0.001191
2.363614    0.000866
2.372499    0.000624
2.381385    0.000447
2.390271    0.000317
2.399157    0.000223
2.408043    0.000156
2.416928    0.000108
2.425814    0.000074
2.434700    0.000051
2.443586    0.000034
2.452471    0.000023
2.461357    0.000015
2.470243    0.000010
2.479129    0.000007
2.488014    0.000004
2.496900    0.000003
2.505786    0.000002
2.514672    0.000001
2.523558    0.000001
2.532443    0.000000
2.541329    0.000000
2.550215    0.000000
2.559101    0.000000
2.567986    0.000000
2.576872    0.000000
2.585758    0.000000
2.594644    0.000000
2.603529    0.000000
2.612415    0.000000
2.621301    0.000000
2.630187    0.000000
2.639072    0.000000
2.647958    0.000000
2.656844    0.000000
2.665730    0.000000
2.674616    0.000000
2.683501    0.000000
2.692387    0.000000
2.701273    0.000000
2.710159    0.000000
2.719044    0.000000
2.727930    0.000000
2.736816    0.000000
2.745702    0.000000
2.754587    0.000000
2.763473    0.000000
2.772359    0.000000
2.781245    0.000000
2.790130    0.000000
2.799016    0.000000
2.807902    0.000000
2.816788    0.000000
2.825674    0.000000
2.834559    0.000000
2.843445    0.000000
2.852331    0.000000
2.861217    0.000000
2.870102    0.000000
2.878988    0.000000
2.887874    0.000000
2.896760    0.000000
2.905645    0.000000
2.914531    0.000000
2.923417    0.000000
2.932303    0.000000
2.941189    0.000000
2.950074    0.000000
2.958960    0.000000
2.967846    0.000000
2.976732    0.000000
2.985617    0.000000
2.994503    0.000000
3.003389    0.000000
3.012275    0.000000
3.021160    0.000000
3.030046    0.000000
3.038932    0.000000
3.047818    0.000000
3.056703    0.000000
3.065589    0.000000
3.074475    0.000000
3.083361    0.000000
3.092247    0.000000
3.101132    0.000000
3.110018    0.000000
3.118904    0.000000
3.127790    0.000000
3.136675    0.000000
3.145561    0.000000
3.154447    0.000000
3.163333    0.000000
3.172218    0.000000
3.181104    0.000000
3.189990    0.000000
3.198876    0.000000
3.207761    0.000000
3.216647    0.000000
3.225533    0.000000
3.234419    0.000000
3.243305    0.000000
3.252190    0.000000
3.261076    0.000000
3.269962    0.000000
3.278848    0.000000
3.287733    0.000000
3.296619    0.000000
3.305505    0.000000
3.314391    0.000000
3.323276    0.000000
3.332162    0.000000
3.341048    0.000000
3.349934    0.000000
3.358820    0.000000
3.367705    0.000000
3.376591    0.000000
3.385477    0.000000
3.394363    0.000000
3.403248    0.000000
3.412134    0.000000
3.421020    0.000000
3.429906    0.000000
3.438791    0.000000
3.447677    0.000000
3.456563    0.000000
3.465449    0.000000
3.474334    0.000000
3.483220    0.000000
3.492106    0.000000
3.500992    0.000000
3.509878    0.000000
3.518763    0.000000
3.527649    0.000000
3.536535    0.000000
3.545421    0.000000
3.554306    0.000000
3.563192    0.000000
3.572078    0.000000
3.580964    0.000000
3.589849    0.000000
3.598735    0.000000
3.607621    0.000000
3.616507    0.000000
3.625392    0.000000
3.634278    0.000000
3.643164    0.000000
3.652050    0.000000
3.660936    0.000000
3.669821    0.000000
3.678707    0.000000
3.687593    0.000000
3.696479    0.000000
3.705364    0.000000
3.714250    0.000000
3.723136    0.000000
3.732022    0.000000
3.740907    0.000000
3.749793    0.000000
3.758679    0.000000
3.767565    0.000000
3.776450    0.000000
3.785336    0.000000
3.794222    0.000000
3.803108    0.000000
3.811994    0.000000
3.820879    0.000000
3.829765    0.000000
3.838651    0.000000
3.847537    0.000000
3.856422    0.000000
3.865308    0.000000
3.874194    0.000000
3.883080    0.000000
3.891965    0.000000
3.900851    0.000000
3.909737    0.000000
3.918623    0.000000
3.927509    0.000000
3.936394    0.000000
3.945280    0.000000
3.954166    0.000000
3.963052    0.000000
3.971937    0.000000
3.980823    0.000000
3.989709    0.000000
3.998595    0.000000
4.007480    0.000000
4.016366    0.000000
4.025252    0.000000
4.034138    0.000000
4.043023    0.000000
4.051909    0.000000
4.060795    0.000000
4.069681    0.000000
4.078567    0.000000
4.087452    0.000000
4.096338    0.000000
4.105224    0.000000
4.114110    0.000000
4.122995    0.000000
4.131881    0.000000
4.140767    0.000000
4.149653    0.000000
4.158538    0.000000
4.167424    0.000000
4.176310    0.000000
4.185196    0.000000
4.194081    0.000000
4.202967    0.000000
4.211853    0.000000
4.220739    0.000000
4.229625    0.000000
4.238510    0.000000
4.247396    0.000000
4.256282    0.000000
4.265168    0.000000
4.274053    0.000000
4.282939    0.000000
4.291825    0.000000
4.300711    0.000000
4.309596    0.000000
4.318482    0.000000
4.327368    0.000000
4.336254    0.000000
4.345140    0.000000
4.354025    0.000000
4.362911    0.000000
4.371797    0.000000
4.380683    0.000000
4.389568    0.000000
4.398454    0.000000
4.407340    0.000000
4.416226    0.000000
4.425111    0.000000
4.433997    0.000000
4.442883    0.000000
4.451769    0.000000
4.460654    0.000000
4.469540    0.000000
4.478426    0.000000
4.487312    0.000000
4.496198    0.000000
4.505083    0.000000
4.513969    0.000000
4.522855    0.000000
4.531741    0.000000
4.540626    0.000000
-4.549512    0.000000
-4.540626    0.000000
-4.531741    0.000000
-4.522855    0.000000
-4.513969    0.000000
-4.505083    0.000000
-4.496198    0.000000
-4.487312    0.000000
-4.478426    0.000000
-4.469540    0.000000
-4.460654    0.000000
-4.451769    0.000000
-4.442883    0.000000
-4.433997    0.000000
-4.425111    0.000000
-4.416226    0.000000
-4.407340    0.000000
-4.398454    0.000000
-4.389568    0.000000
-4.380683    0.000000
-4.371797    0.000000
-4.362911    0.000000
-4.354025    0.000000
-4.345140    0.000000
-4.336254    0.000000
-4.327368    0.000000
-4.318482    0.000000
-4.309596    0.000000
-4.300711    0.000000
-4.291825    0.000000
-4.282939    0.000000
-4.274053    0.000000
-4.265168    0.000000
-4.256282    0.000000
-4.247396    0.000000
-4.238510    0.000000
-4.229625    0.000000
-4.220739    0.000000
-4.211853    0.000000
-4.202967    0.000000
-4.194081    0.000000
-4.185196    0.000000
-4.176310    0.000000
-4.167424    0.000000
-4.158538    0.000000
-4.149653    0.000000
-4.140767    0.000000
-4.131881    0.000000
-4.122995    0.000000
-4.114110    0.000000
-4.105224    0.000000
-4.096338    0.000000
-4.087452    0.000000
-4.078567    0.000000
-4.069681    0.000000
-4.060795    0.000000
-4.051909    0.000000
-4.043023    0.000000
-4.034138    0.000000
-4.025252    0.000000
-4.016366    0.000000
-4.007480    0.000000
-3.998595    0.000000
-3.989709    0.000000
-3.980823    0.000000
-3.971937    0.000000
-3.963052    0.000000
-3.954166    0.000000
-3.945280    0.000000
-3.936394    0.000000
-3.927509    0.000000
-3.918623    0.000000
-3.909737    0.000000
-3.900851    0.000000
-3.891965    0.000000
-3.883080    0.000000
-3.874194    0.000000
-3.865308    0.000000
-3.856422    0.000000
-3.847537    0.000000
-3.838651    0.000000
-3.829765    0.000000
-3.820879    0.000000
-3.811994    0.000000
-3.803108    0.000000
-3.794222    0.000000
-3.785336    0.000000
-3.776450    0.000000
-3.767565    0.000000
-3.758679    0.000000
-3.749793    0.000000
-3.740907    0.000000
-3.732022    0.000000
-3.723136    0.000000
-3.714250    0.000000
-3.705364    0.000000
-3.696479    0.000000
-3.687593    0.000000
-3.678707    0.000000
-3.669821    0.000000
-3.660936    0.000000
-3.652050    0.000000
-3.643164    0.000000
-3.634278    0.000000
-3.625392    0.000000
-3.616507    0.000000
-3.607621    0.000000
-3.598735    0.000000
-3.589849    0.000000
-3.580964    0.000000
-3.572078    0.000000
-3.563192    0.000000
-3.554306    0.000000
-3.545421    0.000000
-3.536535    0.000000
-3.527649    0.000000
-3.518763    0.000000
-3.509878    0.000000
-3.500992    0.000000
-3.492106    0.000000
-3.483220    0.000000
-3.474334    0.000000
-3.465449    0.000000
-3.456563    0.000000
-3.447677    0.000000
-3.438791    0.000000
-3.429906    0.000000
-3.421020    0.000000
-3.412134    0.000000
-3.403248    0.000000
-3.394363    0.000000
-3.385477    0.000000
-3.376591    0.000000
-3.367705    0.000000
-3.358820    0.000000
-3.349934    0.000000
-3.341048    0.000000
-3.332162    0.000000
-3.323276    0.000000
-3.314391    0.000000
-3.305505    0.000000
-3.296619    0.000000
-3.287733    0.000000
-3.278848    0.000000
-3.269962    0.000000
-3.261076    0.000000
-3.252190    0.000000
-3.243305    0.000000
-3.234419    0.000000
-3.225533    0.000000
-3.216647    0.000000
-3.207761    0.000000
-3.198876    0.000000
-3.189990    0.000000
-3.181104    0.000000
-3.172218    0.000000
-3.163333    0.000000
-3.154447    0.000000
-3.145561    0.000000
-3.136675    0.000000
-3.127790    0.000000
-3.118904    0.000000
-3.110018    0.000000
-3.101132    0.000000
-3.092247    0.000000
-3.083361    0.000000
-3.074475    0.000000
-3.065589    0.000000
-3.056703    0.000000
-3.047818    0.000000
-3.038932    0.000000
-3.030046    0.000000
-3.021160    0.000000
-3.012275    0.000000
-3.003389    0.000000
-2.994503    0.000000
-2.985617    0.000000
-2.976732    0.000000
-2.967846    0.000000
-2.958960    0.000000
-2.950074    0.000000
-2.941189    0.000000
-2.932303    0.000000
-2.923417    0.000000
-2.914531    0.000000
-2.905645    0.000000
-2.896760    0.000000
-2.887874    0.000000
-2.878988    0.000000
-2.870102    0.000000
-2.861217    0.000000
-2.852331    0.000000
-2.843445    0.000000
-2.834559    0.000000
-2.825674    0.000000
-2.816788    0.000000
-2.807902    0.000000
-2.799016    0.000000
-2.790130    0.000000
-2.781245    0.000000
-2.772359    0.000000
-2.763473    0.000000
-2.754587    0.000000
-2.745702    0.000000
-2.736816    0.000000
-2.727930    0.000000
-2.719044    0.000000
-2.710159    0.000000
-2.701273    0.000000
-2.692387    0.000000
-2.683501    0.000000
-2.674616    0.000000
-2.665730    0.000000
-2.656844    0.000000
-2.647958    0.000000
-2.639072    0.000000
-2.630187    0.000000
-2.621301    0.000000
-2.612415    0.000000
-2.603529    0.000000
-2.594644    0.000000
-2.585758    0.000000
-2.576872    0.000000
-2.567986    0.000000
-2.559101    0.000000
-2.550215    0.000000
-2.541329    0.000000
-2.532443    0.000000
-2.523558    0.000000
-2.514672    0.000000
-2.505786    0.000000
-2.496900    0.000000
-2.488014    0.000000
-2.479129    0.000000
-2.470243    0.000000
-2.461357    0.000000
-2.452471    0.000000
-2.443586    0.000000
-2.434700    0.000000
-2.425814    0.000000
-2.416928    0.000000
-2.408043    0.000000
-2.399157    0.000000
-2.390271    0.000000
-2.381385    0.000000
-2.372499    0.000000
-2.363614    0.000000
-2.354728    0.000000
-2.345842    0.000000
-2.336956    0.000000
-2.328071    0.000000
-2.319185    0.000000
-2.310299    0.000000
-2.301413    0.000000
-2.292528    0.000000
-2.283642    0.000000
-2.274756    0.000000
-2.265870    0.000000
-2.256985    0.000000
-2.248099    0.000000
-2.239213    0.000000
-2.230327    0.000000
-2.221441    0.000000
-2.212556    0.000000
-2.203670    0.000000
-2.194784    0.000000
-2.185898    0.000000
-2.177013    0.000000
-2.168127    0.000000
-2.159241    0.000000
-2.150355    0.000000
-2.141470    0.000000
-2.132584    0.000000
-2.123698    0.000000
-2.114812    0.000000
-2.105927    0.000000
-2.097041    0.000000
-2.088155    0.000000
-2.079269    0.000000
-2.070383    0.000000
-2.061498    0.000000
-2.052612    0.000000
-2.043726    0.000000
-2.034840    0.000000
-2.025955    0.000000
-2.017069    0.000000
-2.008183    0.000000
-1.999297    0.000000
-1.990412    0.000000
-1.981526    0.000000
-1.972640    0.000000
-1.963754    0.000000
-1.954868    0.000000
-1.945983    0.000000
-1.937097    0.000000
-1.928211    0.000000
-1.919325    0.000000
-1.910440    0.000000
-1.901554    0.000000
-1.892668    0.000000
-1.883782    0.000000
-1.874897    0.000000
-1.866011    0.000000
-1.857125    0.000000
-1.848239    0.000000
-1.839354    0.000000
-1.830468    0.000000
-1.821582    0.000000
-1.812696    0.000000
-1.803810    0.000000
-1.794925    0.000000
-1.786039    0.000000
-1.777153    0.000000
-1.768267    0.000000
-1.759382    0.000000
-1.750496    0.000000
-1.741610    0.000000
-1.732724    0.000000
-1.723839    0.000000
-1.714953    0.000000
-1.706067    0.000000
-1.697181    0.000000
-1.688296    0.000000
-1.679410    0.000000
-1.670524    0.000000
-1.661638    0.000000
-1.652752    0.000000
-1.643867    0.000000
-1.634981    0.000000
-1.626095    0.000000
-1.617209    0.000000
-1.608324    0.000000
-1.599438    0.000000
-1.590552    0.000000
-1.581666    0.000000
-1.572781    0.000000
-1.563895    0.000000
-1.555009    0.000000
-1.546123    0.000000
-1.537237    0.000000
-1.528352    0.000000
-1.519466    0.000000
-1.510580    0.000000
-1.501694    0.000000
-1.492809    0.000000
-1.483923    0.000000
-1.475037    0.000000
-1.466151    0.000000
-1.457266    0.000000
-1.448380    0.000000
-1.439494    0.000000
-1.430608    0.000000
-1.421723    0.000000
-1.412837    0.000000
-1.403951    0.000000
-1.395065    0.000000
-1.386179    0.000000
-1.377294    0.000000
-1.368408    0.000000
-1.359522    0.000000
-1.350636    0.000000
-1.341751    0.000000
-1.332865    0.000000
-1.323979    0.000000
-1.315093    0.000000
-1.306208    0.000000
-1.297322    0.000000
-1.288436    0.000000
-1.279550    0.000000
-1.270665    0.000000
-1.261779    0.000000
-1.252893    0.000000
-1.244007    0.000000
-1.235121    0.000000
-1.226236    0.000000
-1.217350    0.000000
-1.208464    0.000000
-1.199578    0.000000
-1.190693    0.000000
-1.181807    0.000000
-1.172921    0.000000
-1.164035    0.000000
-1.155150    0.000000
-1.146264    0.000000
-1.137378    0.000000
-1.128492    0.000000
-1.119607    0.000000
-1.110721    0.000000
-1.101835    0.000000
-1.092949    0.000000
-1.084063    0.000000
-1.075178    0.000000
-1.066292    0.000000
-1.057406    0.000000
-1.048520    0.000000
-1.039635    0.000000
-1.030749    0.000000
-1.021863    0.000000
-1.012977    0.000000
-1.004092    0.000000
-0.995206    0.000000
-0.986320    0.000000
-0.977434    0.000000
-0.968548    0.000000
-0.959663    0.000000
-0.950777    0.000000
-0.941891    0.000000
-0.933005    0.000000
-0.924120    0.000000
-0.915234    0.000000
-0.906348    0.000000
-0.897462    0.000000
-0.888577    0.000000
-0.879691    0.000000
-0.870805    0.000000
-0.861919    0.000000
-0.853034    0.000000
-0.844148    0.000000
-0.835262    0.000000
-0.826376    0.000000
-0.817490    0.000000
-0.808605    0.000000
-0.799719    0.000000
-0.790833    0.000000
-0.781947    0.000000
-0.773062    0.000000
-0.764176    0.000000
-0.755290    0.000000
-0.746404    0.000000
-0.737519    0.000000
-0.728633    0.000000
-0.719747    0.000000
-0.710861    0.000000
-0.701976    0.000000
-0.693090    0.000000
-0.684204    0.000000
-0.675318    0.000000
-0.666432    0.000000
-0.657547    0.000000
-0.648661    0.000000
-0.639775    0.000000
-0.630889    0.000000
-0.622004    0.000000
-0.613118    0.000000
-0.604232    0.000000
-0.595346    0.000000
-0.586461    0.000000
-0.577575    0.000000
-0.568689    0.000000
-0.559803    0.000000
-0.550917    0.000000
-0.542032    0.000000
-0.533146    0.000000
-0.524260    0.000000
-0.515374    0.000000
-0.506489    0.000000
-0.497603    0.000000
-0.488717    0.000000
-0.479831    0.000000
-0.470946    0.000000
-0.462060    0.000000
-0.453174    0.000000
-0.444288    0.000000
-0.435403    0.000000
-0.426517    0.000000
-0.417631    0.000000
-0.408745    0.000000
-0.399859    0.000000
-0.390974    0.000000
-0.382088    0.000000
-0.373202    0.000000
-0.364316    0.000000
-0.355431    0.000000
-0.346545    0.000000
-0.337659    0.000000
-0.328773    0.000000
-0.319888    0.000000
-0.311002    0.000000
-0.302116    0.000000
-0.293230    0.000000
-0.284345    0.000000
-0.275459    0.000000
-0.266573    0.000000
-0.257687    0.000000
-0.248801    0.000000
-0.239916    0.000000
-0.231030    0.000000
-0.222144    0.000000
-0.213258    0.000000
-0.204373    0.000000
-0.195487    0.000000
-0.186601    0.000000
-0.177715    0.000000
-0.168830    0.000000
-0.159944    0.000000
-0.151058    0.000000
-0.142172    0.000000
-0.133286    0.000000
-0.124401    0.000000
-0.115515    0.000000
-0.106629    0.000000
-0.097743    0.000000
-0.088858    0.000000
-0.079972    0.000000
-0.071086    0.000000
-0.062200    0.000000
-0.053315    0.000000
-0.044429    0.000000
-0.035543    0.000000
-0.026657    0.000000
-0.017772    0.000000
-0.008886    0.000000
