0.050000    0.000000    0.000000
0.100000    0.000000    0.000000
0.150000    0.000000    0.000000
0.200000    0.000000    0.000000
0.250000    0.000000    0.000000
0.300000    0.000000    0.000000
0.350000    0.000000    0.000000
0.400000    0.000000    0.000000
0.450000    0.000001    0.000000
0.500000    0.000002    0.000001
0.550000    0.000011    0.000005
0.600000    0.000068    0.000033
0.650000    0.000200    0.000064
0.700000    0.000740    0.000378
0.750000    0.001740    0.000673
0.800000    0.006772    0.001818
0.850000    0.009595    0.002316
0.900000    0.025019    0.006736
0.950000    0.079536    0.015793
1.000000    0.144818    0.062143
1.050000    0.238038    0.043172
1.100000    0.165827    0.039279
1.150000    0.627959    0.114378
1.200000    0.731702    0.062957
1.250000    0.856176    0.045769
1.300000    0.834115    0.069565
1.350000    0.921121    0.023290
1.400000    0.935824    0.019833
1.450000    0.957272    0.021915
1.500000    0.936373    0.021242
1.550000    0.919309    0.029863
1.600000    0.927412    0.029357
1.650000    0.947978    0.015080
1.700000    0.936723    0.010993
1.750000    0.942032    0.020260
1.800000    0.960163    0.036324
1.850000    0.977230    0.009116
1.900000    0.962624    0.005109
1.950000    0.984276    0.005710
