0.010000    0.000071    0.000088
0.020000    0.000000    0.000000
0.030000    0.000000    0.000000
0.040000    0.000000    0.000000
0.050000    0.000000    0.000000
0.060000    0.000000    0.000000
0.070000    0.000000    0.000000
0.080000    0.000000    0.000000
0.090000    0.000000    0.000000
0.100000    0.000000    0.000000
0.110000    0.000000    0.000000
0.120000    0.000000    0.000000
0.130000    0.000000    0.000000
0.140000    0.000000    0.000000
0.150000    0.000000    0.000000
0.160000    0.000000    0.000000
0.170000    0.000000    0.000000
0.180000    0.000000    0.000000
0.190000    0.000000    0.000000
0.200000    0.000000    0.000000
0.210000    0.000000    0.000000
0.220000    0.000000    0.000000
0.230000    0.000000    0.000000
0.240000    0.000000    0.000000
0.250000    0.000000    0.000000
0.260000    0.000000    0.000000
0.270000    0.000000    0.000000
0.280000    0.000000    0.000000
0.290000    0.000000    0.000000
0.300000    0.000000    0.000000
0.310000    0.000000    0.000000
0.320000    0.000000    0.000000
0.330000    0.000000    0.000000
0.340000    0.000000    0.000000
0.350000    0.000000    0.000000
0.360000    0.000000    0.000000
0.370000    0.000000    0.000000
0.380000    0.000000    0.000000
0.390000    0.000000    0.000000
0.400000    0.000000    0.000000
0.410000    0.000000    0.000000
0.420000    0.000000    0.000000
0.430000    0.000000    0.000000
0.440000    0.000001    0.000001
0.450000    0.000000    0.000000
0.460000    0.000001    0.000000
0.470000    0.000001    0.000001
0.480000    0.000002    0.000001
0.490000    0.000001    0.000000
0.500000    0.000001    0.000000
0.510000    0.000003    0.000001
0.520000    0.000004    0.000001
0.530000    0.000004    0.000002
0.540000    0.000008    0.000004
0.550000    0.000015    0.000008
0.560000    0.000017    0.000007
0.570000    0.000025    0.000011
0.580000    0.000008    0.000006
0.590000    0.000044    0.000040
0.600000    0.000073    0.000025
0.610000    0.000052    0.000029
0.620000    0.000083    0.000037
0.630000    0.000066    0.000022
0.640000    0.000143    0.000045
0.650000    0.000349    0.000097
0.660000    0.000213    0.000098
0.670000    0.000261    0.000219
0.680000    0.000360    0.000159
0.690000    0.000527    0.000279
0.700000    0.000904    0.000559
0.710000    0.000595    0.000157
0.720000    0.000774    0.000312
0.730000    0.000441    0.000184
0.740000    0.001865    0.001400
0.750000    0.002605    0.000660
0.760000    0.002960    0.002967
0.770000    0.001967    0.000629
0.780000    0.003430    0.001302
0.790000    0.003315    0.000972
0.800000    0.002088    0.000920
0.810000    0.004962    0.001584
0.820000    0.004864    0.001850
0.830000    0.006332    0.001882
0.840000    0.010778    0.004415
0.850000    0.006594    0.001981
0.860000    0.007007    0.005192
0.870000    0.011205    0.005280
0.880000    0.014516    0.003962
0.890000    0.022717    0.004052
0.900000    0.040778    0.008100
0.910000    0.026831    0.006806
0.920000    0.019695    0.011346
0.930000    0.030108    0.008686
0.940000    0.025850    0.006205
0.950000    0.047699    0.012228
0.960000    0.074692    0.035304
0.970000    0.061492    0.019946
0.980000    0.056714    0.024932
0.990000    0.114371    0.018379
1.000000    0.102170    0.018655
1.010000    0.087913    0.031984
1.020000    0.146247    0.019567
1.030000    0.097888    0.021546
1.040000    0.058728    0.023552
1.050000    0.153463    0.040371
1.060000    0.180651    0.052588
1.070000    0.160823    0.020476
1.080000    0.237881    0.060139
1.090000    0.206986    0.049083
1.100000    0.243796    0.035626
1.110000    0.240678    0.061282
1.120000    0.406626    0.084961
1.130000    0.456875    0.107781
1.140000    0.691158    0.109186
1.150000    0.690726    0.125944
1.160000    0.746522    0.066423
1.170000    0.848225    0.065265
1.180000    0.830034    0.031222
1.190000    0.796761    0.038475
1.200000    0.757225    0.051751
1.210000    0.896303    0.040420
1.220000    0.851842    0.041160
1.230000    0.848749    0.022467
1.240000    0.825117    0.039180
1.250000    0.898863    0.024291
1.260000    0.844981    0.037435
1.270000    0.879465    0.013723
1.280000    0.862525    0.035004
1.290000    0.905885    0.016846
1.300000    0.909994    0.022073
1.310000    0.917538    0.027233
1.320000    0.938264    0.013592
1.330000    0.863398    0.059058
1.340000    0.910427    0.017316
1.350000    0.925553    0.017517
1.360000    0.960204    0.015496
1.370000    0.970945    0.006838
1.380000    0.963877    0.010205
1.390000    0.945816    0.013802
1.400000    0.958839    0.008451
1.410000    0.937902    0.019590
1.420000    0.960497    0.010185
1.430000    0.937956    0.017017
1.440000    0.954683    0.017526
1.450000    0.969761    0.008429
1.460000    0.951299    0.014888
1.470000    0.946925    0.014196
1.480000    0.937505    0.017771
1.490000    0.972747    0.009605
1.500000    0.979753    0.010390
1.510000    0.975505    0.009349
1.520000    0.975130    0.007410
1.530000    0.946552    0.027695
1.540000    0.977457    0.005304
1.550000    0.956975    0.015088
1.560000    0.974854    0.004174
1.570000    0.966184    0.006961
1.580000    0.971735    0.009020
1.590000    0.974004    0.011608
1.600000    0.970972    0.010754
1.610000    0.974255    0.006718
1.620000    0.966672    0.006066
1.630000    0.969706    0.008166
1.640000    0.951224    0.020243
1.650000    0.974114    0.003824
1.660000    0.978364    0.006429
1.670000    0.979757    0.003681
1.680000    0.958973    0.014102
1.690000    0.973062    0.011087
1.700000    0.970054    0.011045
1.710000    0.968330    0.004522
1.720000    0.972971    0.006671
1.730000    0.974067    0.004146
1.740000    0.988928    0.004794
1.750000    0.983947    0.005408
1.760000    0.983308    0.005376
1.770000    0.983273    0.006775
1.780000    0.984789    0.005167
1.790000    0.985162    0.005671
1.800000    0.983159    0.005071
1.810000    0.976308    0.006788
1.820000    0.985639    0.002950
1.830000    0.987250    0.005107
1.840000    0.983309    0.003331
1.850000    0.979859    0.007770
1.860000    0.980873    0.005512
1.870000    0.990688    0.003335
1.880000    0.985863    0.001518
1.890000    0.983520    0.006167
1.900000    0.989286    0.002355
1.910000    0.990115    0.003511
1.920000    0.981554    0.004151
1.930000    0.995200    0.003468
1.940000    0.987763    0.005194
1.950000    0.987398    0.003508
1.960000    0.990415    0.003262
1.970000    0.986577    0.003525
1.980000    0.991534    0.002767
1.990000    0.987345    0.002585
